# Plate 1 Points
88.29029083 431.14630127 1
115.45330811 334.34671021 2
326.71960449 129.77177429 3
621.45129395 134.07620239 4
825.40679932 344.39395142 5
610.97277832 840.96093750 7
317.33065796 838.54632568 8
112.40458679 629.64636230 9

# Plate 2 Points
146.08238220 296.36428833 10
377.57202148 124.90957642 11
662.92791748 167.64680481 12
834.67242432 397.56570435 13
792.72326660 681.68817139 14
561.30645752 854.06817627 15
275.69314575 813.80303955 16
104.34557343 583.08880615 17

# ICP Points
253.10781860 345.31573486 18
586.96002197 259.81210327 19
674.36920166 345.13461304 20
494.09667969 741.03479004 21
334.43627930 697.03863525 22
223.58749390 599.34411621 23
